2923503
7983802
8118745
9446581
9716044
12132817
12430266
12623045
13527313
16029594
18169435
18477334
19974842
21699588
23046655
28570231
32064667
33437453
36088363
36709518
37611628
37922194
38845433
41058789
43468612
46489266
49614152
50011433
54257798
55633204
58739198
62991861
65223187
73020837
73716425
74898595
76856090
78227786
81546338
87621998
87933624
88649726
94468271
98070975
98099974
98287582
101380994
104175497
105106550
110349315
111270435
113003279
113803737
116991134
119801684
121386854
123339966
123485612
124837880
126502506
126530593
127255861
127738993
130304203
131796644
131810103
138748217
145353163
146357476
154592264
155261008
156552798
158679035
160634198
161224625
165796885
167935882
169068233
175242406
186369591
189947026
198979508
200122689
201084851
205419649
205691619
206025587
209128642
210669803
210813631
216971517
218410107
219839037
222352012
222865480
225618746
228884562
232729600
232998942
236825704
238740870
241896046
243099691
243252941
243774044
244915029
252704443
253813547
254608620
256581889
257758842
262631681
264457731
265742644
267331285
268265165
269288952
271027330
271609230
275016778
277153124
281160712
282342500
282764214
285811129
291719222
293635340
295301015
297895184
298699981
301411070
304031672
308182704
308738355
309052595
315035245
319804610
319813624
323143499
323352833
323404972
324567613
329942779
335129588
336782108
339459069
352984031
356258902
358357405
361491643
362558123
365660767
372644879
373563212
374352235
375855813
376337806
378886909
380585409
381510955
382664595
382759342
383376916
384331863
385784388
386264767
392904084
393797237
395980811
398397802
399432419
399893959
401438449
402652965
407105134
409246026
414139144
414953141
418350529
418724188
419049995
419745322
420164379
423007095
424022415
425630423
427026059
427393398
432541186
436334374
437301448
441203311
441619055
444907062
444989767
448424264
448469233
449293469
449519257
454293403
457771974
458031385
458746092
458813195
460378212
461445359
462237913
466457764
467207955
477563844
477781191
479274079
482296732
483840203
485431880
487972048
489659551
493954553
494245496
496008523
499465163
500902984
501274953
501557561
507732420
508676609
512239118
513035801
513897998
518183589
520034895
523141958
524165682
533480170
544406651
544532295
545608052
547362381
548791270
551066171
552078965
554830700
561565885
561799094
568430689
572231604
576447870
578491022
581812852
584324197
584560310
587560787
589001872
589152318
589920064
590844828
591194967
593036764
597099451
597829508
598685122
604375904
607390798
608595389
613422002
617318821
617330037
619260274
623862453
627236657
627359857
629022776
630366971
632445709
635669283
636294667
637750889
639596067
642311029
642845787
645872575
645982884
650749867
653511371
656677632
660818036
663687023
664899886
665430126
666905644
680293444
680654277
681136748
681676457
682202376
683803271
691497698
691921194
692198309
692268846
694014843
696511828
697817733
704022710
705576117
707508010
709689744
710352001
710828329
714967849
715669018
716452158
716945179
717079003
720027227
723529537
725987019
726296550
727344460
730467786
730610538
731224989
733637897
734727536
737957676
739343734
748302322
749009846
756498446
758459912
759657265
759764351
760042628
760196630
765258498
771920988
772130725
775553814
786719828
790995408
791012158
795029537
797202118
802094117
804744954
804979377
811269897
812036977
812272076
812814604
813476008
815309069
816255622
820400501
820487170
825496282
826825817
829400262
830750986
839391917
840333054
843042807
847472001
848417161
850697264
853563661
853811592
854685674
855805609
859934584
860235599
860847428
864160602
865833693
866017779
867093861
870006580
870653023
871018010
873613730
875885622
877245910
881392452
882867649
890120579
893086230
893536855
897147402
898094273
904751091
905011118
906452335
907090418
908662695
909218467
909693950
911311445
912888396
914352124
914823030
915771651
918875666
919217333
920121288
930815742
933536845
934236929
934516186
935095706
935756718
942353891
942749621
942978800
950493734
952250319
964209821
965268383
967292112
968001025
969206975
969783841
970246363
970416419
975006493
977411941
977802733
979368591
979876944
987860746
990556076
991866469
994246248
998110111
998752079
998857928
998867333
1002282790
1005793177
1006073763
1006493359
1008751233
1011800432
1014139705
1018109005
1019175442
1025510382
1031329309
1031336671
1033124568
1033370461
1033446784
1036478962
1036538613
1040239538
1040809713
1043127520
1043334148
1043529904
1045020724
1045752636
1051664558
1052508556
1054571630
1055893153
1056952006
1057644835
1058762667
1060477944
1063116736
1067612603
1067935914
1069194322
1070416119
1071837351
1074188050
1075306051
1080321792
1081686855
1082375337
1089860602
1090593283
1092129992
1093398358
1096347370
1096506145
1102192169
1103005522
1103034275
1104728976
1105698873
1105798169
1107161117
1107849631
1109532386
1111267045
1116551136
1120606523
1123097268
1126034873
1127135434
1128423436
1131267772
1133553042
1134982276
1135561206
1137346821
1137564935
1138099886
1141773271
1144332605
1150437918
1153894979
1154549184
1155840055
1156434488
1157539777
1158302692
1158447612
1159655161
1163095325
1164645908
1167088569
1167611089
1168065575
1168274724
1169335850
1172352776
1176137145
1177543789
1178730472
1178912483
1180453442
1184878497
1184903941
1190757325
1190892978
1193299675
1196156177
1196794254
1198037199
1199721946
1200052071
1201269556
1205102354
1209532964
1210457442
1211465786
1218537526
1221225785
1221792884
1222891707
1230319892
1230995292
1231517136
1233585831
1234904101
1237823820
1237940456
1241793226
1246458542
1248300658
1252503985
1253603390
1254411738
1254498635
1254758652
1259619934
1264548880
1265643265
1266363803
1266762687
1272169660
1275700573
1276564255
1278552122
1281475625
1282517024
1283257162
1286246549
1287212858
1289235413
1291182389
1291292829
1291858255
1297345473
1298973881
1299897697
1302744420
1307927780
1311163128
1312652619
1313067693
1313275117
1314192658
1316595939
1317543031
1319108616
1319777303
1321783812
1323895170
1325571224
1330598820
1331300801
1334936790
1334943931
1335187634
1339546641
1342423032
1352084306
1352350050
1352632077
1355413996
1356442085
1360977509
1362783798
1363041701
1363564287
1364043600
1366910417
1371166806
1372854415
1375119870
1375676231
1376765630
1379675521
1380920282
1381006788
1381158309
1382940451
1387366590
1389644140
1391077431
1393678667
1395504018
1397209884
1398255775
1399405441
1401411592
1405021707
1405414893
1405583621
1408325445
1409530967
1410244220
1410940201
1411138668
1412757251
1417912659
1418854656
1418993071
1420319641
1423144134
1426526661
1428697591
1428945521
1429333320
1431694008
1432871401
1434672017
1438112998
1439858564
1448117227
1448675063
1451261955
1452626674
1453290269
1454621324
1456925970
1459984861
1461714505
1461790949
1463954567
1465694582
1467155735
1467466188
1467507714
1471508062
1473667005
1475324465
1475605004
1476185608
1477047710
1477706842
1483008437
1483544555
1487151618
1491898249
1497794436
1498562200
1503447877
1503817881
1504149633
1506268686
1506311622
1506916514
1507915315
1508344950
1508563001
1508767664
1511183768
1511887734
1513229244
1519908381
1520317028
1522243322
1522532941
1525907948
1526941604
1526966296
1534996336
1538148629
1539462306
1541285922
1542398296
1542626960
1543261347
1545363233
1545721325
1546194463
1546244541
1547294081
1547453268
1548217360
1549427490
1555214706
1555925172
1555980849
1560938261
1561228792
1564417875
1569590548
1571264015
1571935920
1572349718
1576229140
1577022374
1582717429
1584154046
1584646189
1585623754
1587435433
1588813946
1589068596
1589241199
1593062459
1594570139
1594738124
1597265362
1599317817
1599647002
1601671465
1604348245
1605396804
1606015289
1607170574
1609958709
1612506247
1614972754
1616508440
1617371066
1619691568
1620096190
1620825325
1620914104
1623529391
1626345228
1629362466
1629694774
1633218882
1633383930
1634891630
1638018365
1646285090
1653061254
1656991760
1660275112
1661045049
1662994436
1664915229
1667630345
1668342815
1669610250
1670083032
1671469377
1676700318
1677453701
1678557495
1679365256
1683138906
1686760402
1686863918
1687661853
1692157841
1693156821
1695489221
1697769695
1697892333
1699190390
1704688498
1707375253
1711813435
1713144740
1718495723
1721487179
1723767869
1724898474
1728374541
1729773448
1730178381
1733101884
1737400295
1737956146
1740820834
1741132221
1742294763
1744124978
1746828469
1747261596
1750459048
1750507158
1752985700
1755978168
1756280071
1757029878
1759356641
1759749475
1759781239
1760212734
1761980299
1762677840
1763834296
1764398816
1765016683
1774447610
1774607452
1776418123
1782452633
1784188301
1787043470
1787891908
1797303483
1806933495
1807556893
1810373833
1815965647
1817206078
1817409186
1817966057
1818089191
1822190259
1823102643
1828399998
1829477764
1836630352
1837524506
1838860821
1839546664
1839803457
1845091422
1846238771
1848215678
1852317536
1853015839
1855393708
1857253510
1857360673
1858837061
1861821816
1862224380
1866629386
1868051196
1868553190
1872800633
1876636871
1878138011
1881653131
1885532672
1886967362
1887630568
1887808064
1889013872
1892541335
1894515157
1895369020
1896133466
1897094131
1898933130
1900516367
1903848882
1904754866
1905539491
1909679035
1912338502
1914819500
1915749640
1919807683
1921055659
1923785983
1924248047
1930325721
1932797429
1932902537
1933164275
1933245071
1935942560
1936614114
1938210963
1941659149
1944526590
1947265072
1947619765
1948596139
1949350971
1951520866
1952530393
1957462244
1957672328
1958042153
1960323577
1962355393
1963241122
1963441231
1967118909
1968585351
1969910242
1972744033
1976739722
1980947850
1982322673
1991224676
1993107428
1993266264
1993725279
1995584467
1997704807
2006234830
2006598965
2011231800
2011583715
2012788534
2014661917
2016976700
2021747448
2023962950
2024351438
2027162828
2027881878
2032228389
2033880265
2037710432
2038339826
2039645186
2040262199
2040845514
2042764754
2044456640
2048981887
2051547650
2055081148
2061841245
2062996264
2066648261
2072696873
2073277459
2075138760
2076881661
2078568901
2078578083
2079305246
2080106666
2083345807
2086461303
2088284945
2090674012
2095713455
2097441761
2098191031
2099150965
2100737795
2101067998
2102684323
2112056251
2114105311
2115706301
2118254407
2120844409
2121197274
2123185678
2123864982
2125332898
2126360588
2126399701
2128929171
2129367040
2130389746
2131848501
2133554863
2135605288
2136818064
2139789221
